0.5 0.003439
13 0.003439
25.081 0.0034390
37.971 0.0034390
51.096 0.0034390
63.752 0.0034390
76.642 0.0034390
89.532 0.0034390
102.42 0.0034390
115.31 0.0034390
128.20 0.0034390
140.99 0.061522
147.73 7.3864
147.54 6.3925
147.73 5.4223
146.95 4.9727
146.95 4.1918
146.95 3.4110
146.95 2.6301
146.95 1.6007
150.47 12.178
148.12 10.936
148.12 10.155
148.12 9.3741
148.12 8.5932
159.84 12.846
172.73 13.604
185.62 14.311
198.51 14.982
211.40 15.618
224.29 16.231
237.18 16.802
250.08 17.367
262.97 17.886
275.86 18.380
288.75 18.890
301.64 19.364
309.84 19.632
330.93 20.094
343.82 20.094
356.71 20.094
369.60 20.094
382.49 20.094
395.38 20.094
408.27 20.094
421.16 20.094
434.05 20.094
446.94 20.094
459.83 20.094
472.73 20.094
485.62 20.094
495.58 20.094
