0.0000 4.9112
14.558 3.9349
29.113 2.9025
41.988 1.9580
54.863 0.99652
67.738 0.043520
75.346 -0.47936
90.146 -1.5680
100.51 -2.4360
113.39 -3.3974
126.26 -4.3757
139.14 -4.9998
145.02 -3.8757
145.57 -2.1028
146.74 4.8642
146.16 2.1182
146.16 0.077255
153.18 9.8265
147.33 6.9422
147.82 9.8817
166.06 9.8603
178.93 9.7422
191.81 9.6663
204.68 9.5567
217.56 9.5398
232.77 9.3542
245.65 9.3542
257.35 9.3542
271.40 9.1687
284.27 9.1687
297.15 9.0506
310.02 8.9494
322.90 8.9073
333.43 10.335
341.62 12.469
350.99 14.694
362.69 16.270
375.57 17.054
386.10 17.147
400.73 17.332
421.21 17.147
434.09 17.147
446.96 17.147
459.84 17.147
472.71 17.147
485.59 17.147
495.54 17.147
